%YAML:1.0
---
camera_matrix: !!opencv-matrix
   rows: 3
   cols: 3
   dt: d
   data: [ 898.69136809333258, 0., 673.44751385269251, 0.,
       898.73000689008086, 349.2407561225512, 0., 0., 1. ]
dist_coeff: !!opencv-matrix
   rows: 1
   cols: 5
   dt: d
   data: [ 0.027602996212313838, -0.064486646048556584,
       0.0034829585578156821, -0.0048244561182151577,
       0.035676429431834245 ]
